2 6 6 6 6 6 6 6 6 6 6 6 6 6 6 6 6 6 6 6 6 6 6 6 6 6 6 6 6 6 6 6 6 6 6 6 6 6 6 6 6 6 6 6 6 6 6 3
9 1 1 1 1 1 1 1 1 1 1 1 1 1 1 1 1 1 1 1 1 1 1 1 1 1 1 1 1 1 1 1 1 1 1 1 1 1 1 1 1 1 1 1 1 1 1 7
9 1 1 1 1 1 1 1 1 1 1 1 1 1 1 1 1 1 1 1 1 1 1 1 1 1 1 1 1 1 1 1 1 1 1 1 1 1 1 1 1 1 1 1 1 1 1 7
9 1 1 1 1 1 1 1 1 1 1 1 1 1 1 1 1 1 1 1 1 1 1 8 8 8 8 8 8 8 1 1 1 1 1 1 1 1 1 1 1 1 1 1 1 1 1 7
9 1 1 1 1 1 8 8 8 8 8 8 8 8 8 8 8 8 8 8 8 8 4 0 0 0 0 0 0 0 5 8 8 8 8 8 1 1 1 1 1 1 1 1 1 1 1 7
9 1 8 8 8 4 0 0 0 0 0 0 0 0 0 0 0 0 0 0 0 0 0 0 0 0 0 0 0 0 0 0 0 0 0 0 5 8 1 1 1 1 1 1 1 1 1 7
5 4 0 0 0 0 0 0 0 0 0 0 0 0 0 0 0 0 0 0 0 0 0 0 0 0 0 0 0 0 0 0 0 0 0 0 0 0 5 1 1 1 1 1 1 1 1 7
0 0 0 0 0 0 0 0 0 0 0 0 0 0 0 0 0 0 0 0 0 0 0 0 0 0 0 0 0 0 0 0 0 0 0 0 0 0 0 5 1 1 1 1 1 1 1 7
0 0 0 0 0 0 0 0 0 0 0 0 0 0 0 0 0 0 0 0 0 0 0 0 0 0 0 0 0 0 0 0 0 0 0 0 0 0 0 0 5 8 1 1 1 1 1 7
0 0 0 0 0 0 0 0 0 0 0 0 0 0 0 2 6 6 6 6 3 0 0 0 0 0 0 0 0 0 0 0 0 0 0 0 0 0 0 0 0 0 5 1 1 1 1 7
0 0 0 0 0 0 0 0 0 0 0 0 0 0 2 1 1 1 1 1 1 6 6 3 0 0 0 0 0 0 0 0 0 0 0 0 0 0 0 0 0 0 0 5 1 1 1 7
0 0 0 2 3 0 0 0 0 0 0 0 0 2 1 1 1 1 1 1 1 1 1 1 3 0 0 2 6 6 6 3 0 0 0 0 0 0 0 0 0 0 0 0 9 1 1 7
0 0 0 5 1 6 6 3 0 0 0 0 2 1 1 1 1 1 1 1 1 1 1 1 7 0 0 5 1 1 1 1 3 0 0 0 0 0 0 0 0 0 0 0 9 1 1 7
0 0 0 0 5 8 8 1 3 0 0 0 9 1 1 1 1 1 1 1 1 1 1 1 4 0 0 0 9 1 1 1 1 6 6 6 3 0 0 0 0 0 0 0 5 1 1 7
1 0 0 0 0 0 0 5 4 0 0 0 5 1 1 1 1 1 1 1 1 1 1 7 0 0 0 2 1 1 1 1 1 1 1 1 1 6 6 3 0 0 0 0 0 5 1 7
1 0 0 0 0 0 0 0 0 0 0 0 0 5 1 1 1 1 1 1 1 1 1 7 0 0 2 1 1 1 1 1 1 1 1 1 1 1 1 1 3 0 0 0 0 0 9 7
1 0 0 0 0 0 0 0 0 0 0 0 0 0 5 1 1 1 1 1 1 1 1 7 0 0 5 1 1 1 1 1 8 8 8 8 8 8 1 1 1 3 0 0 0 0 9 7
9 3 0 0 0 0 0 0 0 0 0 0 0 0 0 5 8 8 8 1 1 1 1 7 0 0 0 5 1 1 8 4 0 0 0 0 0 0 5 8 8 8 1 0 0 0 9 7
9 1 6 3 0 0 0 2 3 0 0 0 0 0 0 0 0 0 0 9 1 1 1 7 0 0 0 0 5 4 0 0 0 0 0 0 0 0 0 0 0 0 0 0 0 2 1 7
9 1 1 1 3 0 0 9 7 0 0 0 0 0 0 0 0 0 0 5 1 1 1 1 3 0 0 0 0 0 0 0 0 0 0 0 0 0 0 0 0 0 0 0 2 1 1 7
9 1 1 1 7 0 0 9 1 6 6 6 3 0 0 0 0 0 0 0 9 1 1 1 1 3 0 0 0 0 0 2 3 0 0 0 0 0 0 0 0 0 0 2 1 1 1 7
9 1 1 1 4 0 0 5 1 1 1 1 1 6 6 3 0 0 2 6 1 1 1 1 1 1 3 0 0 0 2 1 1 3 0 0 0 0 0 0 0 2 6 1 1 1 1 7
5 8 8 4 0 0 0 0 5 1 1 1 1 1 1 1 6 6 1 1 1 1 1 1 1 1 1 6 6 6 1 1 1 7 0 0 0 0 0 0 2 1 1 1 1 1 1 7
0 0 0 0 0 0 0 0 0 5 8 8 8 8 8 8 8 8 8 8 8 8 8 8 1 1 1 1 1 1 1 1 1 7 0 0 0 0 2 6 1 1 1 1 1 1 1 7
1 0 0 0 0 0 0 0 0 0 0 0 0 0 0 0 0 0 0 0 0 0 0 0 5 8 8 1 1 1 1 1 1 7 0 0 0 2 1 1 1 1 1 1 1 1 1 7
9 6 3 0 0 0 0 0 0 0 0 0 0 0 0 0 0 0 0 0 0 0 0 0 0 0 0 5 8 1 1 1 1 1 3 0 0 5 8 8 8 8 8 8 8 8 8 4
9 1 1 6 6 6 6 6 6 6 6 3 0 0 0 0 0 0 0 0 0 0 0 0 0 0 0 0 0 5 1 1 1 1 7 0 0 0 0 0 0 0 0 0 0 0 0 0
9 1 1 1 1 1 1 1 1 1 1 1 3 0 0 0 0 0 0 0 0 0 0 0 0 0 0 0 0 0 5 1 1 1 1 3 0 0 0 0 0 0 0 0 0 0 0 0
9 1 1 1 1 1 1 1 1 1 1 1 1 3 0 0 0 0 0 0 0 0 0 2 6 3 0 0 0 0 0 5 8 8 1 1 6 1 0 0 0 0 0 0 0 0 0 0
9 1 1 1 1 1 1 1 1 1 1 1 1 1 3 0 0 0 0 0 0 2 6 1 1 1 3 0 0 0 0 0 0 0 5 8 4 0 0 2 3 0 0 0 0 0 0 0
9 1 1 1 1 1 1 8 8 8 8 8 1 1 1 3 0 0 0 2 6 1 1 1 1 1 1 3 0 0 0 0 0 0 0 0 0 0 0 9 7 0 0 0 0 0 0 0
9 1 1 1 1 8 4 0 0 0 0 0 5 8 1 1 6 6 6 1 1 1 1 1 1 1 1 1 6 3 0 0 0 0 0 0 0 0 2 1 1 3 0 0 0 0 0 0
9 1 1 1 7 0 0 0 0 0 0 0 0 0 9 1 1 1 1 1 1 1 1 1 1 1 1 1 1 1 6 6 6 6 6 6 6 6 1 1 1 1 3 0 0 0 0 0
9 1 1 1 7 0 0 0 0 0 0 0 0 0 5 8 8 1 1 1 1 1 1 1 1 1 1 1 1 1 1 1 1 1 1 1 1 1 1 1 1 1 1 3 0 0 0 0
9 1 1 1 7 0 0 0 0 0 0 0 0 0 0 0 0 5 8 8 8 8 8 8 1 1 1 1 1 1 1 1 1 1 1 1 1 1 1 1 1 1 1 7 0 0 0 0
9 1 1 1 1 6 3 0 0 0 0 0 0 0 0 0 0 0 0 0 0 0 0 0 5 8 8 1 1 1 1 1 1 1 1 1 1 8 8 8 8 1 1 1 3 0 0 0
9 1 1 1 1 1 1 6 6 6 6 6 3 0 0 0 0 0 0 0 0 0 0 0 0 0 0 5 1 8 8 8 8 8 8 8 4 0 0 0 0 5 1 1 7 0 0 0
9 1 1 1 1 8 8 8 8 1 1 1 1 6 6 3 0 0 0 0 0 0 0 0 0 0 0 0 1 0 0 0 0 0 0 0 0 0 0 0 0 0 9 1 1 3 0 0
9 1 1 1 4 0 0 0 0 5 1 1 1 1 1 1 6 3 0 0 0 0 0 0 0 0 0 0 0 0 0 0 0 0 0 0 0 0 0 0 0 0 5 8 8 4 0 1
9 1 1 4 0 0 0 0 0 0 9 1 1 1 1 1 1 1 6 6 6 3 0 0 0 0 0 0 0 0 0 2 6 6 6 6 3 0 0 0 0 0 0 0 0 0 0 1
9 1 4 0 0 0 0 0 0 0 9 1 1 1 1 1 1 1 1 1 1 1 6 6 6 6 6 6 6 6 6 1 1 1 1 1 1 6 6 3 0 0 0 0 0 0 2 7
9 4 0 0 0 0 0 0 0 0 9 1 1 1 1 1 1 1 1 1 1 1 1 1 1 1 1 1 1 1 1 1 1 1 1 1 1 1 1 1 6 6 3 0 0 2 1 7
1 0 0 0 0 0 0 0 0 0 9 1 1 1 1 1 1 1 1 1 1 1 1 1 1 1 1 1 1 1 1 1 1 1 1 1 1 1 1 1 1 1 1 6 6 1 1 7
0 0 0 0 0 0 0 0 0 2 1 1 1 1 1 1 1 1 1 1 1 1 1 1 1 1 1 1 1 1 1 1 1 1 1 1 1 1 1 1 1 1 1 1 1 1 1 7
0 0 0 0 0 0 0 0 2 1 1 1 1 1 1 1 1 1 1 1 1 1 1 1 1 1 1 1 1 1 1 1 1 1 1 1 1 1 1 1 1 1 1 1 1 1 1 7
0 0 0 0 0 0 0 2 1 1 1 1 1 1 1 1 1 1 1 1 1 1 1 1 1 1 1 1 1 1 1 1 1 1 1 1 1 1 1 1 1 1 1 1 1 1 1 7
0 0 0 0 0 0 2 1 1 1 1 1 1 1 1 1 1 1 1 1 1 1 1 1 1 1 1 1 1 1 1 1 1 1 1 1 1 1 1 1 1 1 1 1 1 1 1 7
0 0 0 0 0 1 8 8 8 8 8 8 8 8 8 8 8 8 8 8 8 8 8 8 8 8 8 8 8 8 8 8 8 8 8 8 8 8 8 8 8 8 8 8 8 8 8 4
