2 6 6 6 6 6 6 6 6 6 6 6 6 6 6 6 6 6 6 6 6 6 6 6 6 6 6 6 6 6 6 6 6 6 6 6 6 6 6 6 6 6 6 6 6 6 6 3
9 1 1 1 1 1 1 1 1 1 1 1 1 1 1 1 1 1 1 1 1 1 1 1 1 1 1 1 1 1 1 1 1 1 1 1 1 1 1 1 1 1 1 1 1 1 1 7
8 8 8 8 8 8 8 8 8 8 8 8 8 8 8 8 8 8 8 8 8 8 8 8 8 8 8 8 8 8 8 8 8 8 8 8 8 8 8 8 8 8 8 8 8 8 8 8
0 0 0 0 0 0 0 0 0 0 0 0 0 0 0 0 0 0 0 0 0 0 0 0 0 0 0 0 0 0 0 0 0 0 0 0 0 0 0 0 0 0 0 0 0 0 0 0
0 0 0 0 0 0 0 0 0 0 0 0 0 0 0 0 0 0 0 0 0 0 0 0 0 0 0 0 0 0 0 0 0 0 0 0 0 0 0 0 0 0 0 0 0 0 0 0
0 0 0 0 0 0 0 0 0 0 0 0 0 0 0 0 2 6 6 6 3 0 0 0 0 0 0 0 0 0 0 0 0 0 0 0 0 0 0 0 0 0 0 0 0 0 0 0
0 0 0 0 0 0 0 0 0 0 0 2 6 6 6 6 1 1 11 10 1 3 0 0 0 0 0 0 0 0 0 0 0 0 0 0 0 0 0 0 0 0 0 0 0 0 0 0
3 0 0 0 0 0 0 0 2 6 6 1 1 1 1 1 1 1 12 1 11 1 6 6 6 6 6 6 6 6 3 0 0 0 0 0 0 0 0 0 0 0 0 0 0 0 0 0
9 6 3 0 0 0 0 2 1 1 1 1 1 1 1 1 1 1 1 1 1 1 1 1 1 1 1 1 1 1 1 6 6 3 0 0 0 0 0 0 0 0 0 0 0 0 0 0
9 1 1 7 0 0 0 9 1 1 1 1 1 1 1 10 1 1 1 1 1 1 1 1 1 1 1 8 8 8 8 8 8 1 6 3 0 0 0 0 0 0 0 0 0 0 0 0
9 1 1 7 0 0 0 9 1 1 1 1 1 1 1 1 1 1 1 1 1 1 1 1 1 1 7 0 0 0 0 0 0 5 8 8 6 3 0 0 0 0 0 0 0 0 0 0
9 1 1 7 0 0 0 5 1 1 1 1 1 1 1 1 1 1 1 1 1 1 1 1 1 1 7 0 0 0 0 0 0 0 0 0 5 1 6 6 6 6 6 6 3 0 0 0
9 1 4 0 0 0 0 0 5 1 1 1 1 1 1 12 1 1 1 11 1 1 1 1 1 1 4 0 0 0 0 0 0 0 0 0 0 5 8 8 8 1 1 8 8 3 0 0
8 4 0 0 0 0 0 0 0 5 8 1 10 12 10 8 8 8 1 1 1 8 8 8 8 4 0 0 0 0 0 0 0 0 0 0 0 0 0 0 0 5 4 0 0 0 0 0
0 0 0 0 0 0 0 0 0 0 0 5 8 8 4 0 0 0 9 1 7 0 0 0 0 0 0 0 0 2 3 0 0 0 0 0 0 0 0 0 0 0 0 0 0 0 2 6
0 0 0 0 0 0 0 0 0 0 0 0 0 0 0 0 0 0 9 1 7 0 0 0 0 0 0 2 6 1 7 0 0 0 0 0 0 0 2 3 0 0 0 0 0 2 1 7
0 0 0 0 0 0 0 0 0 0 0 0 0 0 0 0 0 0 9 1 7 0 0 0 0 0 0 5 8 8 4 0 0 0 0 0 2 6 1 1 6 6 6 6 6 1 1 4
0 0 0 0 0 0 0 0 0 0 0 0 0 0 0 0 0 0 9 1 7 0 0 0 0 0 0 0 0 0 0 0 0 0 0 0 9 8 8 8 8 8 8 8 8 8 4 0
6 6 3 0 0 0 0 0 2 6 6 6 6 6 6 6 6 6 1 1 7 0 0 0 0 0 0 0 0 0 0 0 0 0 2 6 7 0 0 0 0 0 0 0 0 0 0 0
9 1 1 6 6 6 6 6 1 1 11 1 1 1 1 8 8 8 8 8 4 0 0 0 0 0 0 0 0 0 0 0 0 0 9 1 7 0 0 0 0 0 0 0 0 0 0 0
8 8 1 1 8 8 8 8 8 1 1 8 8 8 4 0 0 0 0 0 0 0 0 0 2 6 6 6 6 6 6 6 6 6 8 8 4 0 0 0 0 0 0 0 0 0 0 0
0 0 9 7 0 0 0 0 0 9 7 0 0 0 0 0 0 0 0 0 0 0 0 2 1 1 1 1 1 1 1 1 1 7 0 0 0 0 0 0 0 0 0 0 0 0 0 0
0 0 9 7 0 0 0 0 0 5 4 0 0 0 0 2 6 6 6 6 6 6 6 1 1 1 1 1 1 10 1 1 1 4 0 0 0 0 0 0 0 0 0 0 0 0 0 0
0 0 5 4 0 0 0 0 0 0 0 0 0 0 0 9 8 8 8 8 8 8 8 8 8 8 8 8 8 8 8 8 4 0 0 0 0 0 0 0 0 0 0 0 0 0 0 0
0 0 0 0 0 0 0 0 0 0 0 0 0 0 1 4 0 0 0 0 0 0 0 0 0 0 0 0 0 0 0 0 0 0 0 0 0 0 0 0 0 0 0 0 0 0 0 0
0 0 0 0 0 0 0 0 0 0 0 0 0 0 0 0 0 0 0 0 0 0 0 0 0 0 0 0 0 0 0 0 0 0 0 0 0 0 0 0 0 0 0 0 0 0 0 0
2 6 6 6 6 6 3 0 0 2 6 6 6 6 6 6 3 0 0 0 0 0 0 0 0 0 0 0 0 0 0 0 0 0 0 0 0 0 0 0 0 0 0 0 0 0 0 0
5 8 8 8 8 8 4 0 0 5 8 8 8 8 8 8 1 6 3 0 0 0 0 0 0 0 0 0 0 0 0 0 0 0 0 0 0 0 0 0 0 0 0 0 0 0 0 0
0 0 0 0 0 0 0 0 0 0 0 0 0 0 0 0 5 1 1 3 0 0 0 0 0 0 0 0 0 0 0 0 0 0 0 0 0 0 0 0 0 0 0 0 0 0 0 0
0 0 2 3 0 0 0 0 0 0 0 0 0 0 0 0 0 5 1 1 6 6 3 0 0 0 0 0 0 0 0 0 0 0 0 0 0 0 0 0 0 0 0 0 0 0 0 0
0 0 9 7 0 0 2 6 3 0 0 0 0 0 0 0 0 0 5 8 8 8 1 6 6 6 6 6 6 6 6 6 6 6 6 6 6 6 6 6 6 3 0 0 0 0 0 0
0 0 9 7 0 0 9 8 4 0 0 0 0 0 0 0 0 0 0 0 0 0 5 8 8 8 8 8 8 8 8 8 8 8 8 8 8 8 8 8 8 1 6 3 0 0 0 0
0 0 9 7 0 1 4 0 0 0 0 0 0 0 0 0 0 0 0 0 0 0 0 0 0 0 0 0 0 0 0 0 0 0 0 0 0 0 0 0 0 5 8 8 1 0 0 0
0 0 9 7 0 0 0 0 0 0 0 0 0 0 0 0 0 0 0 0 0 0 0 0 0 0 0 0 0 0 0 0 0 0 0 0 0 0 0 0 0 0 0 0 0 0 0 1
0 0 9 7 0 0 0 0 0 0 0 0 0 0 0 0 0 0 0 0 0 0 0 0 0 0 0 0 0 0 0 0 0 0 0 0 0 0 0 0 0 0 0 0 0 0 2 7
0 0 9 1 6 6 6 6 3 0 0 0 0 0 0 0 0 0 0 0 0 0 0 2 3 0 0 0 0 0 0 0 0 0 0 0 0 0 0 0 0 0 0 0 2 6 1 7
0 0 5 8 8 8 8 8 1 3 0 0 0 0 0 0 0 0 0 0 0 0 0 9 1 6 6 6 6 6 6 6 6 6 3 0 0 0 0 0 0 0 0 2 1 1 1 7
0 0 0 0 0 0 0 0 5 1 3 0 0 0 0 0 0 0 0 0 0 0 0 9 1 8 8 8 8 8 8 8 8 8 4 0 0 0 0 0 0 0 2 1 1 1 1 7
0 0 0 0 0 0 0 0 0 5 1 3 0 0 0 0 0 6 6 3 0 0 2 1 7 0 0 0 0 0 0 0 0 0 0 0 0 0 0 0 2 6 1 1 1 11 1 7
2 6 6 6 6 3 0 0 0 0 5 8 1 0 0 0 2 1 8 4 0 0 5 8 4 0 0 0 0 0 0 0 0 0 0 0 0 0 0 0 9 12 1 1 1 1 1 7
9 1 1 1 1 1 3 0 0 0 0 0 0 0 0 2 1 4 0 0 0 0 0 0 0 0 0 0 0 0 0 0 0 0 0 2 6 6 6 6 1 11 1 1 1 1 1 7
9 1 1 1 1 1 1 3 0 0 0 0 0 0 2 1 4 0 0 0 0 0 0 0 0 0 0 0 0 0 0 0 0 0 0 9 1 1 1 1 1 1 1 1 1 1 1 7
9 1 1 1 10 1 1 1 6 3 0 0 0 2 1 7 0 0 0 0 0 0 0 0 0 0 0 0 0 0 0 2 6 6 6 1 1 1 11 1 1 1 1 1 1 1 1 7
9 1 1 1 1 1 1 1 1 1 6 6 6 1 1 1 6 6 6 6 6 6 6 6 6 6 6 6 6 6 6 1 1 1 1 11 1 1 1 1 1 1 1 1 1 1 1 7
9 1 1 1 1 1 1 1 1 12 1 1 1 1 1 1 1 1 1 12 1 1 1 1 1 1 10 11 1 1 1 1 1 1 1 1 1 1 1 1 1 1 1 1 1 1 1 7
9 1 1 1 1 1 1 1 1 1 1 1 1 1 1 1 1 1 1 11 1 1 1 1 1 1 1 1 1 1 1 1 1 1 1 1 1 1 1 1 1 1 1 1 1 1 1 7
9 1 1 1 1 1 1 1 1 1 1 1 1 1 1 1 1 1 1 1 1 1 1 1 1 1 1 1 1 1 1 1 1 1 1 1 1 1 1 1 1 1 1 1 1 1 1 7
5 8 8 8 8 8 8 8 8 8 8 8 8 8 8 8 8 8 8 8 8 8 8 8 8 8 8 8 8 8 8 8 8 8 8 8 8 8 8 8 8 8 8 8 8 8 8 4
